[gd_scene load_steps=9 format=2]

[ext_resource path="res://assets/Archway.tscn" type="PackedScene" id=1]
[ext_resource path="res://level/Track4.gd" type="Script" id=2]
[ext_resource path="res://assets/Textures/Brick1.tres" type="Material" id=3]
[ext_resource path="res://level/Track4.tres" type="Curve3D" id=4]
[ext_resource path="res://audio/music/track2.ogg" type="AudioStream" id=5]

[sub_resource type="BoxShape" id=1]
extents = Vector3( 6.15295, 1, 3.38175 )

[sub_resource type="BoxShape" id=2]
extents = Vector3( 5.18233, 1, 3.069 )

[sub_resource type="BoxShape" id=3]
extents = Vector3( 6.10634, 1, 2.85825 )

[node name="Track4" type="Spatial"]
script = ExtResource( 2 )

[node name="SpawnPoint" type="Spatial" parent="."]
transform = Transform( -0.05, 0, -1.94707e-08, 0, 0.05, 0, 1.94707e-08, 0, -0.05, -2.06641, 1.49698, 19.6607 )

[node name="Path" type="Path" parent="."]
transform = Transform( 1, 0, 0, 0, 1, 0, 0, 0, 1, 1.86461, 0.353043, 0.389977 )
curve = ExtResource( 4 )

[node name="CSGPolygon" type="CSGPolygon" parent="Path"]
use_collision = true
invert_faces = true
polygon = PoolVector2Array( -5.5, 0, -5, 1, -5, 0.1, 5, 0.1, 5, 1, 5.5, 0 )
mode = 2
path_node = NodePath("..")
path_interval = 1.0
path_rotation = 2
path_local = false
path_continuous_u = false
path_joined = true
material = ExtResource( 3 )

[node name="Start" parent="." instance=ExtResource( 1 )]
transform = Transform( 0.989034, -0.147689, 2.40616e-08, 0, -1.62921e-07, -1, 0.147689, 0.989034, -1.61134e-07, -53.3584, 5.29366, -41.5178 )

[node name="Area1" type="Area" parent="Start"]
transform = Transform( 1, 0, 4.44089e-16, 0, 1, -2.84217e-14, -1.77636e-15, 1.42109e-14, 1, 0, 0, -2.60271 )

[node name="CollisionShape" type="CollisionShape" parent="Start/Area1"]
shape = SubResource( 1 )

[node name="1" parent="." instance=ExtResource( 1 )]
transform = Transform( 0.994771, -0.102133, 1.66395e-08, 0, -1.62921e-07, -1, 0.102133, 0.994771, -1.62069e-07, 43.4615, 2.29049, 22.0535 )

[node name="Area2" type="Area" parent="1"]
transform = Transform( 1, 0, 0, 0, 1, -3.15858e-14, 0, -3.19467e-14, 1, 0, -4.76837e-07, -3.01442 )

[node name="CollisionShape" type="CollisionShape" parent="1/Area2"]
transform = Transform( 1, 0, 3.55271e-15, 0, 1, -4.08562e-14, 0, -4.44089e-15, 1, 0, 0, 0 )
shape = SubResource( 2 )

[node name="2" parent="." instance=ExtResource( 1 )]
transform = Transform( -0.999156, -0.0410907, 6.69451e-09, 0, -1.62921e-07, -1, 0.0410907, -0.999156, 1.62783e-07, -1.97403, -0.142502, 11.5244 )

[node name="Area3" type="Area" parent="2"]
transform = Transform( 1, 0, -2.66454e-15, 0, 1, -3.14193e-14, -1.77636e-15, 2.43139e-14, 1, 0, -4.76837e-07, -2.83109 )

[node name="CollisionShape" type="CollisionShape" parent="2/Area3"]
transform = Transform( 1, 0, 0, 0, 1, 0, -1.33227e-15, 1.42109e-14, 1, 0.0871589, 0.00358486, 0 )
shape = SubResource( 3 )

[node name="AudioStreamPlayer" type="AudioStreamPlayer" parent="."]
stream = ExtResource( 5 )
autoplay = true
[connection signal="body_entered" from="Start/Area1" to="." method="_on_Area1_body_entered"]
[connection signal="body_entered" from="1/Area2" to="." method="_on_Area2_body_entered"]
[connection signal="body_entered" from="2/Area3" to="." method="_on_Area3_body_entered"]
