[gd_scene load_steps=4 format=2]

[ext_resource path="res://assets/Textures/Road.tres" type="Material" id=1]
[ext_resource path="res://assets/Archway.tscn" type="PackedScene" id=2]

[sub_resource type="Curve3D" id=1]
_data = {
"points": PoolVector3Array( 8.39116, 0, 2.65679, -8.39116, 0, -2.65679, -16.45, 0, -0.168516, 0.748005, 0, 11.7187, -0.748005, 0, -11.7187, -28.686, 0.518799, -15.5661, 0, 0, 0, 0, 0, 0, -13.1765, 0, -35.2215, -3.69073, 0.113403, -9.64101, 3.69073, -0.113403, 9.64101, 13.906, 0.774048, -35.2961, -3.98934, 0, -10.098, 3.98934, 0, 10.098, 9.31812, 1.06421, -13.4758, -9.79027, 0, -1.80664, 9.79027, 0, 1.80664, 33.1676, 0, -0.168516, 11.0954, 0, -11.8434, -11.0954, 0, 11.8434, 31.1238, 0.81781, 26.4797, 15.2094, 0, 0, -15.2094, 0, 0, -31.41, 0, 33.6163, -17.0794, 0, -0.498665, 17.0794, 0, 0.498665, -36.5214, 0, 5.94017, -7.98093, 0, 9.96401, 7.98093, 0, -9.96401, -0.249648, 1.55762, 17.4541, 6.14188, 0, 1.95044, -6.14188, 0, -1.95044, -16.45, 0, -0.168516 ),
"tilts": PoolRealArray( 0, 0, 0, 0, 0, 0, 0, 0, 0, 0, 0 )
}

[node name="Track2" type="Spatial"]

[node name="SpawnPoint" type="Spatial" parent="."]
transform = Transform( -0.0211309, 0, -0.0453154, 0, 0.05, 0, 0.0453154, 0, -0.0211309, -18.739, 0.619136, -0.872041 )

[node name="Path" type="Path" parent="."]
curve = SubResource( 1 )

[node name="CSGPolygon" type="CSGPolygon" parent="Path"]
use_collision = true
invert_faces = true
polygon = PoolVector2Array( -5, 0, -4.5, 0.6, -4.5, 0.1, 4.5, 0.1, 4.5, 0.6, 5, 0 )
mode = 2
path_node = NodePath("..")
path_interval = 1.0
path_rotation = 2
path_local = false
path_continuous_u = false
path_joined = true
material = ExtResource( 1 )

[node name="Start" parent="." instance=ExtResource( 2 )]
transform = Transform( 0.594163, 0.804345, -1.31044e-07, 0, -1.62921e-07, -1, -0.804345, 0.594163, -9.68015e-08, -25.3595, 0, -4.67214 )

[node name="1" parent="." instance=ExtResource( 2 )]
transform = Transform( -0.310527, -0.950565, 1.54867e-07, 0, -1.62921e-07, -1, 0.950565, -0.310527, 5.05913e-08, 23.4162, 0, -2.21737 )

[node name="2" parent="." instance=ExtResource( 2 )]
transform = Transform( 0.0503139, 0.998733, -1.62714e-07, 0, -1.62921e-07, -1, -0.998733, 0.0503139, -8.19717e-09, -27.9644, 0, 33.6256 )
